8
00000000
00000000
00001111
00001111
00011111
00111111
00111100
00111000
-8
9 14 17 22 23 44 63 69 88 94 113 -1
2
00
00
-4
0 -1
4
1111
1111
1111
1111
64
0000000011111111000000001111111100000000111111110000000011111111
1111111100000000111111110000000011111111000000001111111100000000
1011010010110100101101001011010010110100101101001011010010110100
0000111110111000011111011100001111101110000111110111000011111011
1101001011010010110100110100101101001011010011010010110100101101
0110100101101101001011011010010110110100101101101001011011010010
0010110100101101001011010001011010010110100101101000101101001011
0010110100101101000010110100101101000010110100101101001101001011
0000000011111111000000001111111100000000111111110000000011111111
1111111100000000111111110000000011111111000000001111111100000000
1011010010110100101101001011010010110100101101001011010010110100
0000111110111000011111011100001111101110000111110111000011111011
1101001011010010110100110100101101001011010011010010110100101101
0110100101101101001011011010010110110100101101101001011011010010
0010110100101101001011010001011010010110100101101000101101001011
0010110100101101000010110100101101000010110100101101001101001011
0000111110111000011111011100001111101110000111110111000011111011
1101001011010010110100110100101101001011010011010010110100101101
0110100101101101001011011010010110110100101101101001011011010010
0010110100101101001011010001011010010110100101101000101101001011
0010110100101101000010110100101101000010110100101101001101001011
0000000011111111000000001111111100000000111111110000000011111111
1111111100000000111111110000000011111111000000001111111100000000
1011010010110100101101001011010010110100101101001011010010110100
0000111110111000011111011100001111101110000111110111000011111011
1101001011010010110100110100101101001011010011010010110100101101
0110100101101101001011011010010110110100101101101001011011010010
0010110100101101001011010001011010010110100101101000101101001011
0010110100101101000010110100101101000010110100101101001101001011
0000000011111111000000001111111100000000111111110000000011111111
1111111100000000111111110000000011111111000000001111111100000000
1011010010110100101101001011010010110100101101001011010010110100
0000000011111111000000001111111100000000111111110000000011111111
1111111100000000111111110000000011111111000000001111111100000000
1011010010110100101101001011010010110100101101001011010010110100
0000111110111000011111011100001111101110000111110111000011111011
1101001011010010110100110100101101001011010011010010110100101101
0110100101101101001011011010010110110100101101101001011011010010
0010110100101101001011010001011010010110100101101000101101001011
0010110100101101000010110100101101000010110100101101001101001011
0000000011111111000000001111111100000000111111110000000011111111
1111111100000000111111110000000011111111000000001111111100000000
1011010010110100101101001011010010110100101101001011010010110100
0000111110111000011111011100001111101110000111110111000011111011
1101001011010010110100110100101101001011010011010010110100101101
0110100101101101001011011010010110110100101101101001011011010010
0010110100101101001011010001011010010110100101101000101101001011
0010110100101101000010110100101101000010110100101101001101001011
0000111110111000011111011100001111101110000111110111000011111011
1101001011010010110100110100101101001011010011010010110100101101
0110100101101101001011011010010110110100101101101001011011010010
0010110100101101001011010001011010010110100101101000101101001011
0010110100101101000010110100101101000010110100101101001101001011
0000000011111111000000001111111100000000111111110000000011111111
1111111100000000111111110000000011111111000000001111111100000000
1011010010110100101101001011010010110100101101001011010010110100
0000111110111000011111011100001111101110000111110111000011111011
1101001011010010110100110100101101001011010011010010110100101101
0110100101101101001011011010010110110100101101101001011011010010
0010110100101101001011010001011010010110100101101000101101001011
0010110100101101000010110100101101000010110100101101001101001011
0000000011111111000000001111111100000000111111110000000011111111
1111111100000000111111110000000011111111000000001111111100000000
1011010010110100101101001011010010110100101101001011010010110100
0